ADAM9	0.785	0.215	0.0
ANXA1	0.959	0.041	0.0
ATF3	0.917	0.082	0.0
AURKA	0.994	0.006	0.0
BACE1	0.61	0.385	0.005
BGN	0.836	0.164	0.0
BIRC6	0.625	0.375	0.0
BUB1	0.994	0.006	0.0
CABLES2	0.885	0.106	0.008
CCNG2	0.5	0.5	0.0
CD55	0.532	0.467	0.001
CDC20	0.727	0.273	0.0
CHEK2	0.688	0.25	0.062
CKAP5	0.991	0.009	0.0
COL13A1	0.965	0.034	0.001
CTNNB1	0.669	0.331	0.0
CXXC5	0.722	0.278	0.0
DNAJB2	0.501	0.499	0.0
EGFR	0.912	0.088	0.0
ERBB2	0.958	0.042	0.0
ERBB3	0.976	0.024	0.0
EVL	0.56	0.433	0.007
FBLN1	0.506	0.494	0.0
FDPS	0.999	0.001	0.0
FGF13	0.988	0.012	0.0
FN1	0.955	0.045	0.0
FOS	0.866	0.118	0.015
FOXM1	0.897	0.103	0.0
FYN	0.507	0.493	0.0
GSK3B	0.473	0.458	0.069
GSN	0.529	0.471	0.001
HDAC3	0.492	0.0	0.508
HIPK2	0.749	0.0	0.251
HMGA2	0.987	0.013	0.0
HMGB2	0.994	0.006	0.0
HMGCR	0.98	0.02	0.0
HUWE1	0.508	0.492	0.0
ICAM1	0.99	0.01	0.0
IGF1R	0.781	0.219	0.0
IL4R	0.999	0.001	0.0
IL7R	0.873	0.127	0.0
ITGB8	0.611	0.381	0.009
JUN	0.839	0.151	0.01
KAT2A	0.995	0.005	0.0
LATS2	0.842	0.126	0.032
LIMK2	0.987	0.013	0.0
LRP1	0.507	0.493	0.0
LTBP3	0.511	0.489	0.0
MAD2L2	0.785	0.215	0.0
MAPK1	0.496	0.0	0.504
MAPK13	0.511	0.489	0.0
MAPK14	0.739	0.0	0.261
MAPK6	0.499	0.0	0.501
MAPKAPK2	0.935	0.0	0.065
MAPT	0.505	0.495	0.0
MEX3B	0.666	0.334	0.0
MOCOS	0.506	0.494	0.0
MVD	0.998	0.002	0.0
MVK	0.99	0.01	0.0
NDC80	0.499	0.249	0.252
NUF2	0.501	0.247	0.251
PAG1	0.748	0.0	0.252
PIAS1	0.967	0.0	0.033
PIAS3	0.51	0.49	0.0
PKIA	0.665	0.335	0.0
PLK1	0.941	0.059	0.0
PMVK	0.995	0.005	0.0
PPM1D	0.499	0.374	0.127
PRPF4	0.533	0.0	0.467
PTPRA	0.619	0.373	0.008
RASGRF1	0.722	0.278	0.0
RELA	0.771	0.219	0.009
RFWD2	0.559	0.434	0.008
RHOA	1.0	0.0	0.0
RHOD	0.536	0.463	0.001
ROCK1	0.994	0.006	0.0
RPS6KA1	0.748	0.0	0.252
RPS6KA5	0.93	0.0	0.07
RRM2B	0.719	0.281	0.0
S100A2	0.993	0.007	0.0
SELPLG	0.999	0.001	0.0
SERPINA1	0.999	0.001	0.0
SH3YL1	0.501	0.499	0.0
SHC1	0.505	0.495	0.0
SKIL	0.719	0.281	0.0
SMAD2	0.999	0.001	0.0
SMAD4	0.886	0.109	0.005
SNAI1	0.94	0.058	0.001
SNAP29	0.932	0.061	0.007
SNRPA	0.99	0.01	0.0
SREBF2	0.959	0.041	0.0
SRPK1	0.994	0.006	0.0
STAT3	0.999	0.001	0.0
STX6	0.745	0.255	0.0
TACC1	0.787	0.213	0.0
TAF12	0.505	0.495	0.0
TAF1B	0.994	0.006	0.0
TBL1X	0.504	0.496	0.0
TCF3	0.767	0.216	0.017
TGFA	0.884	0.108	0.008
TGFB1	0.999	0.001	0.0
TNIK	0.833	0.167	0.0
TNK2	0.75	0.0	0.25
TOP2A	0.503	0.246	0.252
TP53	0.919	0.081	0.0
TP53:SMAD2	0.998	0.002	0.0
TP63	0.002	0.998	0.0
TPR	0.993	0.007	0.0
TPX2	0.5	0.249	0.25
TRIM33	0.97	0.029	0.001
TRIOBP	0.784	0.216	0.0
UBE2I	0.981	0.0	0.019
VDR	0.959	0.041	0.0
VIM	0.997	0.003	0.0
WNT5A	0.997	0.003	0.0
ZBTB17	0.497	0.0	0.503
ADAM9_DAC	0.466	0.53	0.003
ANXA1_DAC	0.664	0.33	0.006
ATF3_DAC	0.632	0.362	0.006
AURKA_DAC	0.498	0.502	0.0
BACE1_DAC	0.024	0.971	0.006
BGN_DAC	0.146	0.846	0.008
BIRC6_DAC	0.499	0.5	0.001
BUB1_DAC	0.498	0.501	0.001
CABLES2_DAC	0.633	0.327	0.039
CCNG2_DAC	0.337	0.648	0.015
CD55_DAC	0.66	0.335	0.005
CDC20_DAC	0.886	0.103	0.01
CHEK2_DAC	0.749	0.186	0.065
CKAP5_DAC	0.486	0.513	0.001
COL13A1_DAC	0.55	0.445	0.005
CTNNB1_DAC	0.301	0.697	0.003
CXXC5_DAC	0.371	0.618	0.011
DNAJB2_DAC	0.52	0.48	0.001
EGFR_DAC	0.646	0.35	0.003
ERBB2_DAC	0.31	0.684	0.006
ERBB3_DAC	0.167	0.823	0.011
EVL_DAC	0.34	0.651	0.009
FBLN1_DAC	0.501	0.498	0.001
FDPS_DAC	0.07	0.924	0.007
FGF13_DAC	0.0	1.0	0.0
FN1_DAC	0.044	0.954	0.002
FOS_DAC	0.304	0.679	0.017
FOXM1_DAC	0.584	0.414	0.002
FYN_DAC	1.0	0.0	0.0
GSK3B_DAC	0.258	0.61	0.133
GSN_DAC	0.161	0.834	0.005
HDAC3_DAC	0.0	0.492	0.508
HIPK2_DAC	0.0	0.749	0.251
HMGA2_DAC	0.0	1.0	0.0
HMGB2_DAC	0.501	0.498	0.001
HMGCR_DAC	0.171	0.82	0.009
HUWE1_DAC	1.0	0.0	0.0
ICAM1_DAC	0.865	0.131	0.004
IGF1R_DAC	0.078	0.918	0.004
IL4R_DAC	0.941	0.055	0.004
IL7R_DAC	0.922	0.073	0.005
ITGB8_DAC	0.326	0.635	0.039
JUN_DAC	0.232	0.756	0.011
KAT2A_DAC	0.503	0.497	0.001
LATS2_DAC	0.376	0.592	0.032
LIMK2_DAC	0.0	1.0	0.0
LRP1_DAC	0.5	0.499	0.0
LTBP3_DAC	0.496	0.504	0.0
MAD2L2_DAC	0.615	0.373	0.011
MAPK1_DAC	0.0	0.496	0.504
MAPK13_DAC	1.0	0.0	0.0
MAPK14_DAC	0.514	0.238	0.248
MAPK6_DAC	0.0	0.499	0.501
MAPKAPK2_DAC	0.128	0.745	0.127
MAPT_DAC	0.502	0.497	0.001
MEX3B_DAC	0.345	0.647	0.008
MOCOS_DAC	1.0	0.0	0.0
MVD_DAC	0.141	0.85	0.008
MVK_DAC	0.583	0.408	0.008
NDC80_DAC	0.748	0.0	0.252
NUF2_DAC	0.748	0.0	0.252
PAG1_DAC	0.498	0.251	0.251
PIAS1_DAC	0.067	0.866	0.067
PIAS3_DAC	0.498	0.502	0.001
PKIA_DAC	0.345	0.647	0.008
PLK1_DAC	0.784	0.212	0.004
PMVK_DAC	0.292	0.7	0.009
PPM1D_DAC	0.374	0.499	0.127
PRPF4_DAC	0.467	0.0	0.533
PTPRA_DAC	0.319	0.643	0.038
RASGRF1_DAC	0.875	0.114	0.011
RELA_DAC	0.943	0.049	0.008
RFWD2_DAC	0.34	0.652	0.008
RHOA_DAC	0.488	0.511	0.001
RHOD_DAC	0.446	0.549	0.005
ROCK1_DAC	0.0	1.0	0.0
RPS6KA1_DAC	0.503	0.247	0.249
RPS6KA5_DAC	0.653	0.228	0.119
RRM2B_DAC	0.375	0.614	0.011
S100A2_DAC	0.0	1.0	0.0
SELPLG_DAC	0.94	0.055	0.005
SERPINA1_DAC	0.939	0.057	0.004
SH3YL1_DAC	0.519	0.481	0.001
SHC1_DAC	0.514	0.485	0.001
SKIL_DAC	0.374	0.615	0.012
SMAD2_DAC	0.188	0.808	0.004
SMAD4_DAC	0.466	0.528	0.006
SNAI1_DAC	0.67	0.327	0.004
SNAP29_DAC	0.153	0.838	0.009
SNRPA_DAC	0.49	0.509	0.001
SREBF2_DAC	0.349	0.643	0.009
SRPK1_DAC	0.498	0.501	0.001
STAT3_DAC	0.884	0.116	0.001
STX6_DAC	0.268	0.727	0.005
TACC1_DAC	0.11	0.879	0.011
TAF12_DAC	0.503	0.497	0.0
TAF1B_DAC	0.498	0.501	0.001
TBL1X_DAC	1.0	0.0	0.0
TCF3_DAC	0.279	0.689	0.032
TGFA_DAC	0.636	0.324	0.04
TGFB1_DAC	0.377	0.619	0.004
TNIK_DAC	0.648	0.344	0.008
TNK2_DAC	0.0	0.75	0.25
TOP2A_DAC	0.748	0.0	0.252
TP53_DAC	0.697	0.298	0.005
TP53:SMAD2_DAC	0.312	0.683	0.006
TP63_DAC	0.681	0.309	0.01
TPR_DAC	0.0	1.0	0.0
TPX2_DAC	0.747	0.0	0.253
TRIM33_DAC	0.831	0.163	0.005
TRIOBP_DAC	0.465	0.532	0.003
UBE2I_DAC	0.585	0.385	0.03
VDR_DAC	0.347	0.645	0.009
VIM_DAC	0.169	0.826	0.005
WNT5A_DAC	0.139	0.858	0.002
ZBTB17_DAC	0.0	0.497	0.503
