ADAM9	0.996	0.003	0.0
ANXA1	0.915	0.084	0.0
ATF3	0.958	0.04	0.001
AURKA	0.414	0.585	0.0
BACE1	0.619	0.376	0.004
BGN	0.839	0.16	0.0
BIRC6	0.95	0.049	0.0
BUB1	0.419	0.58	0.0
CABLES2	0.666	0.3	0.033
CCNG2	0.536	0.463	0.0
CD55	0.492	0.507	0.0
CDC20	0.7	0.299	0.0
CHEK2	0.659	0.268	0.072
CKAP5	0.604	0.395	0.0
COL13A1	0.793	0.201	0.005
CTNNB1	0.678	0.321	0.0
CXXC5	0.92	0.079	0.0
DNAJB2	0.93	0.069	0.0
EGFR	0.905	0.094	0.0
ERBB2	0.961	0.038	0.0
ERBB3	0.974	0.025	0.0
EVL	0.563	0.428	0.008
FBLN1	0.999	0.0	0.0
FDPS	0.997	0.002	0.0
FGF13	0.576	0.423	0.0
FN1	0.942	0.057	0.0
FOS	0.84	0.139	0.02
FOXM1	0.807	0.192	0.0
FYN	0.999	0.0	0.0
GSK3B	0.484	0.426	0.089
GSN	0.507	0.491	0.001
HDAC3	0.45	0.0	0.549
HIPK2	0.723	0.0	0.276
HMGA2	0.589	0.41	0.0
HMGB2	0.433	0.566	0.0
HMGCR	0.981	0.018	0.0
HUWE1	0.999	0.0	0.0
ICAM1	0.993	0.006	0.0
IGF1R	0.781	0.218	0.0
IL4R	0.998	0.001	0.0
IL7R	0.822	0.175	0.002
ITGB8	0.794	0.163	0.041
JUN	0.634	0.327	0.038
KAT2A	0.413	0.586	0.0
LATS2	0.84	0.132	0.027
LIMK2	0.566	0.433	0.0
LRP1	0.999	0.0	0.0
LTBP3	0.999	0.0	0.0
MAD2L2	0.594	0.405	0.0
MAPK1	0.668	0.0	0.331
MAPK13	0.922	0.077	0.0
MAPK14	0.694	0.0	0.305
MAPK6	0.438	0.0	0.561
MAPKAPK2	0.893	0.0	0.106
MAPT	0.999	0.0	0.0
MEX3B	0.639	0.36	0.0
MOCOS	0.999	0.0	0.0
MVD	0.996	0.003	0.0
MVK	0.993	0.006	0.0
NDC80	0.496	0.251	0.251
NUF2	0.477	0.274	0.247
PAG1	0.74	0.0	0.259
PIAS1	0.942	0.0	0.057
PIAS3	0.999	0.0	0.0
PKIA	0.668	0.331	0.0
PLK1	0.911	0.088	0.0
PMVK	0.994	0.005	0.0
PPM1D	0.504	0.344	0.151
PRPF4	0.534	0.0	0.465
PTPRA	0.796	0.166	0.036
RASGRF1	0.934	0.065	0.0
RELA	0.763	0.228	0.008
RFWD2	0.575	0.416	0.008
RHOA	0.999	0.0	0.0
RHOD	0.695	0.298	0.006
ROCK1	0.451	0.548	0.0
RPS6KA1	0.723	0.0	0.276
RPS6KA5	0.902	0.0	0.097
RRM2B	0.927	0.072	0.0
S100A2	0.466	0.533	0.0
SELPLG	0.999	0.0	0.0
SERPINA1	0.998	0.001	0.0
SH3YL1	0.915	0.084	0.0
SHC1	0.921	0.078	0.0
SKIL	0.932	0.067	0.0
SMAD2	0.999	0.0	0.0
SMAD4	0.892	0.103	0.004
SNAI1	0.962	0.036	0.001
SNAP29	0.921	0.068	0.01
SNRPA	0.595	0.404	0.0
SREBF2	0.962	0.037	0.0
SRPK1	0.406	0.593	0.0
STAT3	0.998	0.001	0.0
STX6	0.876	0.123	0.0
TACC1	0.561	0.438	0.0
TAF12	0.999	0.0	0.0
TAF1B	0.431	0.568	0.0
TBL1X	0.999	0.0	0.0
TCF3	0.358	0.567	0.074
TGFA	0.689	0.274	0.035
TGFB1	0.998	0.001	0.0
TNIK	0.836	0.163	0.0
TNK2	0.747	0.0	0.252
TOP2A	0.504	0.249	0.246
TP53	0.924	0.075	0.0
TP53:SMAD2	0.999	0.0	0.0
TP63	0.0	0.999	0.0
TPR	0.468	0.531	0.0
TPX2	0.522	0.229	0.248
TRIM33	0.984	0.014	0.001
TRIOBP	0.996	0.003	0.0
UBE2I	0.965	0.0	0.034
VDR	0.962	0.037	0.0
VIM	0.974	0.025	0.0
WNT5A	0.994	0.005	0.0
ZBTB17	0.498	0.0	0.501
ADAM9_DAC	0.395	0.58	0.024
ANXA1_DAC	0.686	0.307	0.006
ATF3_DAC	0.607	0.38	0.011
AURKA_DAC	0.597	0.224	0.178
BACE1_DAC	0.016	0.976	0.007
BGN_DAC	0.141	0.851	0.007
BIRC6_DAC	0.358	0.624	0.017
BUB1_DAC	0.591	0.221	0.187
CABLES2_DAC	0.868	0.031	0.1
CCNG2_DAC	0.316	0.672	0.011
CD55_DAC	0.679	0.318	0.002
CDC20_DAC	0.925	0.067	0.007
CHEK2_DAC	0.745	0.175	0.08
CKAP5_DAC	0.491	0.451	0.057
COL13A1_DAC	0.79	0.181	0.028
CTNNB1_DAC	0.289	0.707	0.003
CXXC5_DAC	0.336	0.652	0.011
DNAJB2_DAC	0.43	0.528	0.041
EGFR_DAC	0.689	0.306	0.004
ERBB2_DAC	0.336	0.657	0.006
ERBB3_DAC	0.217	0.767	0.015
EVL_DAC	0.346	0.646	0.007
FBLN1_DAC	0.29	0.525	0.185
FDPS_DAC	0.053	0.935	0.01
FGF13_DAC	0.007	0.953	0.039
FN1_DAC	0.052	0.942	0.004
FOS_DAC	0.304	0.676	0.019
FOXM1_DAC	0.723	0.274	0.002
FYN_DAC	0.83	0.002	0.166
GSK3B_DAC	0.203	0.647	0.149
GSN_DAC	0.177	0.818	0.004
HDAC3_DAC	0.0	0.45	0.549
HIPK2_DAC	0.0	0.723	0.276
HMGA2_DAC	0.007	0.963	0.029
HMGB2_DAC	0.577	0.237	0.185
HMGCR_DAC	0.166	0.825	0.007
HUWE1_DAC	0.827	0.001	0.171
ICAM1_DAC	0.864	0.13	0.005
IGF1R_DAC	0.094	0.903	0.002
IL4R_DAC	0.922	0.066	0.011
IL7R_DAC	0.974	0.018	0.007
ITGB8_DAC	0.024	0.887	0.088
JUN_DAC	0.534	0.433	0.032
KAT2A_DAC	0.592	0.226	0.181
LATS2_DAC	0.374	0.584	0.04
LIMK2_DAC	0.008	0.951	0.04
LRP1_DAC	0.283	0.546	0.171
LTBP3_DAC	0.256	0.556	0.187
MAD2L2_DAC	0.66	0.329	0.01
MAPK1_DAC	0.0	0.668	0.331
MAPK13_DAC	0.952	0.005	0.042
MAPK14_DAC	0.555	0.2	0.244
MAPK6_DAC	0.0	0.438	0.561
MAPKAPK2_DAC	0.19	0.671	0.138
MAPT_DAC	0.269	0.544	0.186
MEX3B_DAC	0.37	0.62	0.009
MOCOS_DAC	0.813	0.01	0.176
MVD_DAC	0.136	0.85	0.013
MVK_DAC	0.594	0.399	0.006
NDC80_DAC	0.75	0.0	0.249
NUF2_DAC	0.746	0.0	0.253
PAG1_DAC	0.505	0.253	0.241
PIAS1_DAC	0.101	0.815	0.083
PIAS3_DAC	0.258	0.564	0.177
PKIA_DAC	0.342	0.651	0.006
PLK1_DAC	0.797	0.193	0.009
PMVK_DAC	0.298	0.691	0.01
PPM1D_DAC	0.344	0.504	0.151
PRPF4_DAC	0.465	0.0	0.534
PTPRA_DAC	0.022	0.892	0.085
RASGRF1_DAC	0.839	0.149	0.011
RELA_DAC	0.948	0.04	0.011
RFWD2_DAC	0.335	0.657	0.007
RHOA_DAC	0.491	0.504	0.004
RHOD_DAC	0.19	0.778	0.031
ROCK1_DAC	0.002	0.818	0.179
RPS6KA1_DAC	0.498	0.216	0.285
RPS6KA5_DAC	0.71	0.16	0.128
RRM2B_DAC	0.302	0.683	0.014
S100A2_DAC	0.005	0.82	0.174
SELPLG_DAC	0.912	0.076	0.011
SERPINA1_DAC	0.922	0.063	0.014
SH3YL1_DAC	0.442	0.504	0.053
SHC1_DAC	0.454	0.495	0.049
SKIL_DAC	0.309	0.676	0.014
SMAD2_DAC	0.182	0.812	0.005
SMAD4_DAC	0.431	0.56	0.008
SNAI1_DAC	0.645	0.349	0.005
SNAP29_DAC	0.148	0.845	0.006
SNRPA_DAC	0.502	0.451	0.046
SREBF2_DAC	0.343	0.648	0.008
SRPK1_DAC	0.604	0.212	0.183
STAT3_DAC	0.855	0.143	0.001
STX6_DAC	0.162	0.823	0.013
TACC1_DAC	0.16	0.826	0.012
TAF12_DAC	0.27	0.557	0.172
TAF1B_DAC	0.582	0.234	0.183
TBL1X_DAC	0.826	0.005	0.168
TCF3_DAC	0.8	0.101	0.098
TGFA_DAC	0.872	0.029	0.098
TGFB1_DAC	0.362	0.627	0.01
TNIK_DAC	0.635	0.357	0.007
TNK2_DAC	0.0	0.747	0.252
TOP2A_DAC	0.745	0.0	0.254
TP53_DAC	0.688	0.307	0.004
TP53:SMAD2_DAC	0.311	0.678	0.01
TP63_DAC	0.676	0.31	0.013
TPR_DAC	0.002	0.8	0.197
TPX2_DAC	0.747	0.0	0.252
TRIM33_DAC	0.83	0.162	0.006
TRIOBP_DAC	0.368	0.598	0.032
UBE2I_DAC	0.661	0.302	0.036
VDR_DAC	0.331	0.661	0.007
VIM_DAC	0.238	0.754	0.007
WNT5A_DAC	0.147	0.849	0.003
ZBTB17_DAC	0.0	0.498	0.501
